2.317061802749048827e+00
1.614077475002692955e-02
7.720356182145268753e-03
5.021363243946030952e-03
3.704344540908046692e-03
2.927654100614555770e-03
2.416654160310496933e-03
2.055505054326659930e-03
1.787017144031039168e-03
1.579750171099421731e-03
1.415007580438181270e-03
1.280983301895266676e-03
1.169860095582282104e-03
1.076258817926526714e-03
9.963581915692191777e-04
9.273698332471211944e-04
8.672119317888177638e-04
8.142991495134237678e-04
7.674031981025594739e-04
7.255578474918868278e-04
6.879926941187879553e-04
6.540860265540911862e-04
6.233306641064232387e-04
5.953087888944672348e-04
5.696731275516878860e-04
5.461326906094956515e-04
5.244418327984940679e-04
5.043917664949474581e-04
4.858039101964138824e-04
4.685246256032034665e-04
4.524210167569870712e-04
4.373775495406017418e-04
4.232933106829444734e-04
4.100797695614693877e-04
3.976589384807435366e-04
3.859618511154527874e-04
3.749272967758881495e-04
3.645007617241640741e-04
3.546335391078504610e-04
3.452819770164506155e-04
3.364068403037611754e-04
3.279727666061555053e-04
3.199478007386338785e-04
3.123029946135225977e-04
3.050120621796303813e-04
2.980510807581568042e-04
2.913982316639770142e-04
2.850335742162389769e-04
2.789388482345875548e-04
2.730973009202163483e-04
2.674935346833274478e-04
2.621133730214760828e-04
2.569437420004348186e-04
2.519725652620631150e-04
2.471886707935416088e-04
2.425817079494291012e-04
2.381420734360911902e-04
2.338608451506862113e-04
2.297297229182850985e-04
2.257409753048053862e-04
2.218873917905402895e-04
2.181622396854917666e-04
2.145592252468468534e-04
2.110724585289148168e-04
2.076964215544341535e-04
2.044259394461650340e-04
2.012561542041456267e-04
1.981825008488964895e-04
1.952006856861616599e-04
1.923066664760799977e-04
1.894966343153800504e-04
1.867669970621507725e-04
1.841143641524331488e-04
1.815355326744642190e-04
1.790274745801049021e-04
1.765873249276612696e-04
1.742123710594302574e-04
1.719000426290484345e-04
1.696479024015853790e-04
1.674536377576803497e-04
1.653150528394326435e-04
1.632300612826938929e-04
1.611966794844489647e-04
1.592130203612978072e-04
1.572772875562595575e-04
1.553877700579705905e-04
1.535428371976799166e-04
1.517409339941021729e-04
1.499805768177949416e-04
1.482603493497811390e-04
1.465788988117755411e-04
1.449349324467177848e-04
1.433272142301848936e-04
1.417545617958659702e-04
1.402158435587308005e-04
1.387099760203335810e-04
1.372359212449641671e-04
1.357926844920537258e-04
1.343793119950342004e-04
1.329948888753965943e-04
1.316385371831434560e-04
1.303094140543138409e-04
1.290067099775215752e-04
1.277296471623805523e-04
1.264774780024302558e-04
1.252494836267927945e-04
1.240449725341518370e-04
1.228632793040536732e-04
1.217037633801220785e-04
1.205658079206844231e-04
1.194488187126515732e-04
1.183522231445320756e-04
1.172754692346115931e-04
1.162180247112255425e-04
1.151793761419057520e-04
1.141590281079552427e-04
1.131565024221974590e-04
1.121713373870772813e-04
1.112030870907595569e-04
1.102513207387477477e-04
1.093156220196476146e-04
1.083955885018724185e-04
1.074908310609100603e-04
1.066009733341683662e-04
1.057256512027508435e-04
1.048645122980720103e-04
1.040172155320918929e-04
1.031834306501142881e-04
1.023628378043021236e-04
1.015551271476404109e-04
1.007599984463205102e-04
9.997716071012815661e-05
9.920633184005902411e-05
9.844723829138961910e-05
9.769961475230384579e-05
9.696320383682266485e-05
9.623775579124453736e-05
9.552302821370474222e-05
9.481878578583338691e-05
9.412480001617762164e-05
9.344084899473317177e-05
9.276671715787675719e-05
9.210219506314701115e-05
9.144707917397173439e-05
9.080117165313205687e-05
9.016428016472746287e-05
8.953621768452076372e-05
8.891680231803511612e-05
8.830585712608655306e-05
8.770320995726146678e-05
8.710869328731676311e-05
8.652214406477497092e-05
8.594340356287997269e-05
8.537231723736713514e-05
8.480873458954405180e-05
8.425250903503518488e-05
8.370349777744188677e-05
8.316156168686517666e-05
8.262656518322554261e-05
8.209837612357714768e-05
8.157686569426244314e-05
8.106190830673719902e-05
8.055338149727719530e-05
8.005116583056380900e-05
7.955514480672363901e-05
7.906520477175199362e-05
7.858123483128095208e-05
7.810312676731883124e-05
7.763077495818394218e-05
7.716407630107104728e-05
7.670293013753585250e-05
7.624723818150268208e-05
7.579690444990479941e-05
7.535183519568381630e-05
7.491193884304440541e-05
7.447712592507372534e-05
7.404730902348277851e-05
7.362240271022132455e-05
7.320232349134839504e-05
7.278698975257860530e-05
7.237632170669067828e-05
7.197024134290061059e-05
7.156867237748692936e-05
7.117154020655010627e-05
7.077877185993613357e-05
7.039029595687679879e-05
7.000604266280252412e-05
6.962594364801064149e-05
6.924993204718400761e-05
6.887794242046948762e-05
6.850991071573007409e-05
6.814577423197637409e-05
6.778547158403773227e-05
6.742894266807560294e-05
6.707612862850984080e-05
6.672697182581135056e-05
6.638141580514274527e-05
6.603940526626887644e-05
6.570088603404853722e-05
6.536580503018701133e-05
6.503411024551780759e-05
6.470575071326989348e-05
6.438067648303224698e-05
6.405883859566314142e-05
6.374018905882599089e-05
6.342468082324628483e-05
6.311226775968847358e-05
6.280290463657600274e-05
6.249654709831777282e-05
6.219315164420110827e-05
6.189267560784886388e-05
6.159507713745450050e-05
6.130031517637287396e-05
6.100834944434805365e-05
6.071914041926674215e-05
6.043264931945385677e-05
6.014883808637975566e-05
5.986766936793307180e-05
5.958910650207002946e-05
5.931311350100311057e-05
5.903965503577882768e-05
5.876869642128700261e-05
5.850020360170220816e-05
5.823414313622634681e-05
5.797048218527501391e-05
5.770918849714436552e-05
5.745023039481851932e-05
5.719357676322720430e-05
5.693919703693562084e-05
5.668706118800999582e-05
5.643713971429480250e-05
5.618940362797137820e-05
5.594382444437340322e-05
5.570037417114470960e-05
5.545902529761648518e-05
5.521975078455497644e-05
5.498252405413108027e-05
5.474731898006589487e-05
5.451410987805778376e-05
5.428287149664213135e-05
5.405357900795627147e-05
5.382620799898616082e-05
5.360073446290901101e-05
5.337713479073308021e-05
5.315538576302575264e-05
5.293546454194897587e-05
5.271734866349463177e-05
5.250101602982657937e-05
5.228644490188990619e-05
5.207361389214264013e-05
5.186250195749948392e-05
5.165308839239405962e-05
5.144535282209251187e-05
5.123927519608213786e-05
5.103483578169185374e-05
5.083201515778528205e-05
5.063079420863329517e-05
5.043115411798771195e-05
5.023307636325544578e-05
5.003654270969204633e-05
4.984153520493515892e-05
4.964803617352831427e-05
4.945602821157594727e-05
4.926549418164250362e-05
4.907641720760492571e-05
4.888878066969172298e-05
4.870256819966010183e-05
4.851776367608855628e-05
4.833435121965973474e-05
4.815231518869207694e-05
4.797164017472895420e-05
4.779231099819637198e-05
4.761431270416578585e-05
4.743763055820468354e-05
4.726225004237430009e-05
4.708815685121749383e-05
4.691533688793965776e-05
4.674377626057169417e-05
4.657346127830401544e-05
4.640437844782326879e-05
4.623651446981275531e-05
4.606985623544864090e-05
4.590439082299356923e-05
4.574010549451465978e-05
4.557698769261883957e-05
4.541502503724591548e-05
4.525420532255618888e-05
4.509451651389671573e-05
4.493594674481010112e-05
4.477848431406687539e-05
4.462211768286635508e-05
4.446683547198167441e-05
4.431262645902237125e-05
4.415947957577534745e-05
4.400738390552971514e-05
4.385632868052322960e-05
4.370630327937140194e-05
4.355729722463281471e-05
4.340930018037333297e-05
4.326230194977874531e-05
4.311629247281956856e-05
4.297126182395122459e-05
4.282720020991886972e-05
4.268409796753596611e-05
4.254194556154826119e-05
4.240073358250721994e-05
4.226045274470842129e-05
4.212109388417044933e-05
4.198264795662699165e-05
4.184510603560042205e-05
4.170845931051292389e-05
4.157269908478205509e-05
4.143781677396931028e-05
4.130380390403357276e-05
4.117065210950655131e-05
4.103835313179092834e-05
4.090689881747158632e-05
4.077628111661786234e-05
4.064649208117970813e-05
4.051752386333676872e-05
4.038936871397301833e-05
4.026201898109601395e-05
4.013546710834193642e-05
4.000970563346548651e-05
3.988472718691655111e-05
3.976052449038312359e-05
3.963709035537437352e-05
3.951441768187727955e-05
3.939249945693613480e-05
3.927132875339063719e-05
3.915089872852203941e-05
3.903120262279960792e-05
3.891223375861550810e-05
3.879398553905020287e-05
3.867645144663730254e-05
3.855962504219917903e-05
3.844349996364737756e-05
3.832806992486572571e-05
3.821332871455895142e-05
3.809927019515074731e-05
3.798588830167897546e-05
3.787317704074471636e-05
3.776113048947420629e-05
3.764974279444563307e-05
3.753900817070798048e-05
3.742892090075201878e-05
3.731947533356989486e-05
3.721066588365373599e-05
3.710248703007953963e-05
3.699493331556110543e-05
3.688799934553139070e-05
3.678167978725597863e-05
3.667596936896210479e-05
3.657086287895847473e-05
3.646635516477496309e-05
3.636244113231020030e-05
3.625911574504871762e-05
3.615637402321339921e-05
3.605421104299863950e-05
3.595262193576915838e-05
3.585160188727282306e-05
3.575114613694801904e-05
3.565124997709330707e-05
3.555190875219784027e-05
3.545311785820586843e-05
3.535487274178572830e-05
3.525716889966246288e-05
3.516000187791846365e-05
3.506336727130960999e-05
3.496726072263244754e-05
3.487167792204517265e-05
3.477661460642459887e-05
3.468206655876786710e-05
3.458802960753440940e-05
3.449449962604146560e-05
3.440147253188089100e-05
3.430894428631328381e-05
3.421691089369318864e-05
3.412536840090094065e-05
3.403431289676204141e-05
3.394374051149492733e-05
3.385364741617971054e-05
3.376402982221855120e-05
3.367488398079121177e-05
3.358620618234238529e-05
3.349799275608746177e-05
3.341024006948872983e-05
3.332294452773942520e-05
3.323610257332332101e-05
3.314971068548880844e-05
3.306376537979837006e-05
3.297826320765853751e-05
3.289320075586164670e-05
3.280857464613869248e-05
3.272438153468865618e-05
3.264061811176528224e-05
3.255728110123907413e-05
3.247436726017215831e-05
3.239187337839011249e-05
3.230979627808572361e-05
3.222813281340808198e-05
3.214687987002763327e-05
3.206603436480017069e-05
3.198559324534170576e-05
3.190555348965504201e-05
3.182591210573938083e-05
3.174666613125067487e-05
3.166781263311259592e-05
3.158934870715272413e-05
3.151127147774905065e-05
3.143357809750103068e-05
3.135626574686169339e-05
3.127933163382699085e-05
3.120277299354620352e-05
3.112658708803865183e-05
3.105077120585757314e-05
3.097532266177305358e-05
3.090023879643347918e-05
3.082551697608961995e-05
3.075115459227373993e-05
3.067714906148284748e-05
3.060349782489405840e-05
3.053019834805995541e-05
3.045724812064478818e-05
3.038464465611191148e-05
3.031238549144906857e-05
3.024046818689221452e-05
3.016889032565970701e-05
3.009764951367909085e-05
3.002674337931526474e-05
2.995616957311018466e-05
2.988592576752168971e-05
2.981600965667951603e-05
2.974641895612291980e-05
2.967715140256642524e-05
2.960820475363828793e-05
2.953957678764401675e-05
2.947126530334149343e-05
2.940326811969715243e-05
2.933558307564628750e-05
2.926820802987628586e-05
2.920114086059932178e-05
2.913437946533171128e-05
2.906792176067059358e-05
2.900176568208284714e-05
2.893590918369278250e-05
2.887035023806133098e-05
2.880508683598750016e-05
2.874011698630871801e-05
2.867543871569471595e-05
2.861105006844077148e-05
2.854694910628181151e-05
2.848313390818770150e-05
2.841960257019053200e-05
2.835635320517660771e-05
2.829338394270925500e-05
2.823069292884547646e-05
2.816827832595280892e-05
2.810613831252420602e-05
2.804427108301919925e-05
2.798267484767510442e-05
2.792134783234004105e-05
2.786028827830201799e-05
2.779949444211028404e-05
2.773896459542329231e-05
2.767869702485881942e-05
2.761869003180002547e-05
2.755894193226878872e-05
2.749945105674364093e-05
2.744021575001275975e-05
2.738123437102904471e-05
2.732250529275516445e-05
2.726402690201352685e-05
2.720579759933014710e-05
2.714781579880591231e-05
2.709007992796082904e-05
2.703258842759514378e-05
2.697533975164375836e-05
2.691833236706173816e-05
2.686156475365509525e-05
2.680503540397524473e-05
2.674874282316211388e-05
2.669268552883157487e-05
2.663686205093044966e-05
2.658127093161491336e-05
2.652591072513927196e-05
2.647077999770858548e-05
2.641587732736573466e-05
2.636120130386078821e-05
2.630675052854254532e-05
2.625252361423767078e-05
2.619851918512089575e-05
2.614473587662121721e-05
2.609117233528593575e-05
2.603782721867783920e-05
2.598469919526697223e-05
2.593178694430874152e-05
2.587908915574533463e-05
2.582660453009210923e-05
2.577433177832898987e-05
2.572226962180392999e-05
2.567041679212841171e-05
2.561877203106777208e-05
2.556733409043696035e-05
2.551610173201465906e-05
2.546507372743387105e-05
2.541424885808477160e-05
2.536362591501216320e-05
2.531320369884329142e-05
2.526298101966901972e-05
2.521295669695717463e-05
2.516312955946757476e-05
2.511349844514725282e-05
2.506406220105395502e-05
2.501481968326243888e-05
2.496576975676743714e-05
2.491691129541832102e-05
2.486824318181921132e-05
2.481976430723667218e-05
2.477147357152982405e-05
2.472336988305913520e-05
2.467545215860501848e-05
2.462771932329833053e-05
2.458017031052407096e-05
2.453280406184247950e-05
2.448561952693133616e-05
2.443861566348596383e-05
2.439179143715852999e-05
2.434514582146571666e-05
2.429867779773205394e-05
2.425238635500547420e-05
2.420627048998188208e-05
2.416032920694313139e-05
2.411456151767435465e-05
2.406896644139732536e-05
2.402354300471284956e-05
2.397829024151532055e-05
2.393320719293237287e-05
2.388829290724903896e-05
2.384354643985707968e-05
2.379896685316616102e-05
2.375455321656483638e-05
2.371030460633117442e-05
2.366622010559060735e-05
2.362229880422826635e-05
2.357853979885937953e-05
2.353494219273988616e-05
2.349150509571768154e-05
2.344822762416666015e-05
2.340510890092807733e-05
2.336214805525844992e-05
2.331934422275335722e-05
2.327669654531818784e-05
2.323420417108729545e-05
2.319186625437683947e-05
2.314968195561826239e-05
2.310765044133032418e-05
2.306577088403316910e-05
2.302404246221404798e-05
2.298246436025300289e-05
2.294103576838989729e-05
2.289975588266686857e-05
2.285862390488386562e-05
2.281763904252585821e-05
2.277680050873393279e-05
2.273610752224269682e-05
2.269555930733115759e-05
2.265515509378061455e-05
2.261489411682232281e-05
2.257477561708910724e-05
2.253479884056304973e-05
2.249496303854357635e-05
2.245526746757740098e-05
2.241571138943531318e-05
2.237629407105515937e-05
2.233701478449596407e-05
2.229787280689473470e-05
2.225886742042558706e-05
2.221999791225625194e-05
2.218126357448796290e-05
2.214266370414687407e-05
2.210419760310512350e-05
2.206586457807033675e-05
2.202766394051642083e-05
2.198959500666348621e-05
2.195165709742417541e-05
2.191384953836685427e-05
2.187617165968536959e-05
2.183862279614285688e-05
2.180120228704406952e-05
2.176390947619157701e-05
2.172674371185422481e-05
2.168970434672085249e-05
2.165279073786319369e-05
2.161600224671848480e-05
2.157933823901842267e-05
2.154279808478133798e-05
2.150638115826970808e-05
2.147008683793717341e-05
2.143391450642469532e-05
2.139786355049500929e-05
2.136193336100956870e-05
2.132612333291082149e-05
2.129043286515328883e-05
2.125486136070374124e-05
2.121940822649620763e-05
2.118407287338154634e-05
2.114885471612572735e-05
2.111375317336036894e-05
2.107876766754919861e-05
2.104389762496656547e-05
2.100914247565183608e-05
2.097450165339382930e-05
2.093997459569170373e-05
2.090556074371890800e-05
2.087125954230913352e-05
2.083707043991126257e-05
2.080299288856890053e-05
2.076902634388854102e-05
2.073517026501042119e-05
2.070142411457869940e-05
2.066778735871555630e-05
2.063425946699135898e-05
2.060083991239526890e-05
2.056752817132042561e-05
2.053432372351710243e-05
2.050122605207444781e-05
2.046823464340163714e-05
2.043534898718803175e-05
2.040256857637992271e-05
2.036989290716710032e-05
2.033732147893708384e-05
2.030485379426562792e-05
2.027248935888939732e-05
2.024022768166736596e-05
2.020806827457568045e-05
2.017601065266959450e-05
2.014405433406886941e-05
2.011219883991396552e-05
2.008044369437034858e-05
2.004878842458462696e-05
2.001723256066600837e-05
1.998577563567469558e-05
1.995441718557933145e-05
1.992315674924483214e-05
1.989199386840788075e-05
1.986092808766196197e-05
1.982995895441919815e-05
1.979908601890298009e-05
1.976830883412281360e-05
1.973762695584739736e-05
1.970703994258658789e-05
1.967654735557491634e-05
1.964614875875155442e-05
1.961584371871487279e-05
1.958563180475217871e-05
1.955551258875969171e-05
1.952548564526762937e-05
1.949555055138372037e-05
1.946570688682775662e-05
1.943595423385268374e-05
1.940629217726171446e-05
1.937672030437109644e-05
1.934723820500760172e-05
1.931784547146332218e-05
1.928854169850467527e-05
1.925932648334637636e-05
1.923019942562824693e-05
1.920116012738657139e-05
1.917220819306055478e-05
1.914334322945278333e-05
1.911456484573074567e-05
1.908587265338037824e-05
1.905726626622745109e-05
1.902874530038345269e-05
1.900030937426011485e-05
1.897195810851682549e-05
1.894369112608434901e-05
1.891550805211491228e-05
1.888740851397949753e-05
1.885939214125714945e-05
1.883145856571008251e-05
1.880360742127343195e-05
1.877583834402467243e-05
1.874815097218853762e-05
1.872054494610345400e-05
1.869301990822394303e-05
1.866557550308876252e-05
1.863821137730730334e-05
1.861092717956050075e-05
1.858372256057172367e-05
1.855659717309502454e-05
1.852955067188768873e-05
1.850258271372915727e-05
1.847569295737553773e-05
1.844888106355700898e-05
1.842214669494978774e-05
1.839548951619744335e-05
1.836890919385987588e-05
1.834240539640884037e-05
1.831597779423385582e-05
1.828962605959530657e-05
1.826334986663876741e-05
1.823714889137893698e-05
1.821102281166724391e-05
1.818497130719706450e-05
1.815899405948159822e-05
1.813309075184975117e-05
1.810726106941870232e-05
1.808150469908884509e-05
1.805582132954277084e-05
1.803021065121316978e-05
1.800467235628716434e-05
1.797920613867470471e-05
1.795381169401269556e-05
1.792848871965717963e-05
1.790323691464991380e-05
1.787805597972790672e-05
1.785294561729150594e-05
1.782790553141204836e-05
1.780293542781591563e-05
1.777803501385845575e-05
1.775320399853294468e-05
1.772844209243719962e-05
1.770374900778527155e-05
1.767912445838941689e-05
1.765456815963322630e-05
1.763007982847724216e-05
1.760565918344244820e-05
1.758130594460823666e-05
1.755701983358925038e-05
1.753280057353742244e-05
1.750864788910728851e-05
1.748456150647351363e-05
1.746054115331128169e-05
1.743658655877465546e-05
1.741269745351249065e-05
1.738887356962225223e-05
1.736511464066633174e-05
1.734142040166352611e-05
1.731779058906451774e-05
1.729422494074609436e-05
1.727072319601190457e-05
1.724728509556260845e-05
1.722391038150705153e-05
1.720059879735385552e-05
1.717735008797182796e-05
1.715416399962240020e-05
1.713104027990993030e-05
1.710797867780512513e-05
1.708497894362129302e-05
1.706204082901128423e-05
1.703916408694205968e-05
1.701634847170938183e-05
1.699359373891240374e-05
1.697089964544929835e-05
1.694826594951875945e-05
1.692569241059356744e-05
1.690317878942469918e-05
1.688072484802391295e-05
1.685833034967645734e-05
1.683599505889735761e-05
1.681371874145771772e-05
1.679150116435667336e-05
1.676934209581567624e-05
1.674724130526550729e-05
1.672519856336796758e-05
1.670321364196750247e-05
1.668128631410928077e-05
1.665941635402261656e-05
1.663760353711541944e-05
1.661584763995583425e-05
1.659414844028962220e-05
1.657250571701339458e-05
1.655091925016572576e-05
1.652938882092587242e-05
1.650791421161434277e-05
1.648649520566019094e-05
1.646513158762560121e-05
1.644382314318257096e-05
1.642256965910044567e-05
1.640137092324624760e-05
1.638022672457927509e-05
1.635913685313851229e-05
1.633810110004017612e-05
1.631711925746711823e-05
1.629619111867495069e-05
1.627531647795784963e-05
1.625449513066926687e-05
1.623372687319610218e-05
1.621301150297405828e-05
1.619234881844629892e-05
1.617173861909542939e-05
1.615118070542315081e-05
1.613067487892979921e-05
1.611022094212122342e-05
1.608981869849001486e-05
1.606946795254748467e-05
1.604916850975638900e-05
1.602892017657727528e-05
1.600872276043162947e-05
1.598857606971748182e-05
1.596847991378019438e-05
1.594843410291622526e-05
1.592843844839365725e-05
1.590849276239820800e-05
1.588859685806423818e-05
1.586875054944599978e-05
1.584895365153253036e-05
1.582920598022442062e-05
1.580950735233100903e-05
1.578985758558321267e-05
1.577025649860308828e-05
1.575070391091201120e-05
1.573119964291899307e-05
1.571174351591694815e-05
1.569233535208902571e-05
1.567297497447198092e-05
1.565366220699278705e-05
1.563439687443164721e-05
1.561517880243031220e-05
1.559600781748116398e-05
1.557688374691914172e-05
1.555780641893287182e-05
1.553877566253970420e-05
1.551979130759158725e-05
1.550085318477065991e-05
1.548196112557732884e-05
1.546311496233772567e-05
1.544431452817986137e-05
1.542555965703556082e-05
1.540685018365012580e-05
1.538818594356676652e-05
1.536956677311997782e-05
1.535099250942732293e-05
1.533246299039098189e-05
1.531397805469655209e-05
1.529553754180609589e-05
1.527714129193920092e-05
1.525878914608024762e-05
1.524048094598619521e-05
1.522221653417079464e-05
1.520399575388677720e-05
1.518581844913803657e-05
1.516768446467096363e-05
1.514959364597422458e-05
1.513154583926648402e-05
1.511354089148510044e-05
1.509557865030870306e-05
1.507765896413210948e-05
1.505978168206354065e-05
1.504194665392644194e-05
1.502415373024687257e-05
1.500640276225357337e-05
1.498869360188782281e-05
1.497102610176975223e-05
1.495340011521785470e-05
1.493581549624477526e-05
1.491827209953479000e-05
1.490076978046196307e-05
1.488330839507315182e-05
1.486588780007679714e-05
1.484850785285721461e-05
1.483116841146691871e-05
1.481386933460806260e-05
1.479661048164177244e-05
1.477939171259103747e-05
1.476221288811194646e-05
1.474507386951320842e-05
1.472797451875496000e-05
1.471091469841061510e-05
1.469389427170024141e-05
1.467691310247945233e-05
1.465997105521790935e-05
1.464306799501894101e-05
1.462620378760427935e-05
1.460937829929539299e-05
1.459259139703958765e-05
1.457584294840298419e-05
1.455913282153933936e-05
1.454246088520294103e-05
1.452582700875872007e-05
1.450923106215400007e-05
1.449267291593625121e-05
1.447615244124834344e-05
1.445966950979993035e-05
1.444322399388855551e-05
1.442681576639369615e-05
1.441044470076953120e-05
1.439411067104142100e-05
1.437781355179875666e-05
1.436155321819580033e-05
1.434532954595169872e-05
1.432914241134742534e-05
1.431299169122120143e-05
1.429687726295992229e-05
1.428079900449399376e-05
1.426475679430828607e-05
1.424875051142963333e-05
1.423278003542190544e-05
1.421684524639366534e-05
1.420094602497714900e-05
1.418508225234515188e-05
1.416925381019377992e-05
1.415346058074577168e-05
1.413770244675439968e-05
1.412197929147856769e-05
1.410629099870338347e-05
1.409063745272151383e-05
1.407501853834325590e-05
1.405943414088287619e-05
1.404388414616132780e-05
1.402836844050390254e-05
1.401288691073510291e-05
1.399743944417481188e-05
1.398202592863692744e-05
1.396664625243432111e-05
1.395130030436467393e-05
1.393598797370524170e-05
1.392070915022217920e-05
1.390546372416805664e-05
1.389025158626296408e-05
1.387507262771025095e-05
1.385992674019240615e-05
1.384481381585228606e-05
1.382973374730081236e-05
1.381468642761885080e-05
1.379967175035322333e-05
1.378468960951071960e-05
1.376973989954745821e-05
1.375482251537951697e-05
1.373993735238450162e-05
1.372508430637315669e-05
1.371026327361704986e-05
1.369547415083832463e-05
1.368071683520297824e-05
1.366599122430288250e-05
1.365129721617668866e-05
1.363663470929948674e-05
1.362200360258921933e-05
1.360740379538244114e-05
1.359283518745342644e-05
1.357829767899677093e-05
1.356379117063999734e-05
1.354931556342200859e-05
1.353487075881144127e-05
1.352045665869456160e-05
1.350607316538347312e-05
1.349172018158224555e-05
1.347739761041590877e-05
1.346310535542102191e-05
1.344884332054705910e-05
1.343461141013442389e-05
1.342040952893458494e-05
1.340623758210414167e-05
1.339209547519208152e-05
1.337798311414141979e-05
1.336390040529549819e-05
1.334984725539150335e-05
1.333582357155755131e-05
1.332182926130536070e-05
1.330786423253515028e-05
1.329392839353081255e-05
1.328002165296028135e-05
1.326614391986928757e-05
1.325229510368001909e-05
1.323847511419657063e-05
1.322468386159761181e-05
1.321092125643351404e-05
1.319718720962009600e-05
1.318348163244516445e-05
1.316980443656858706e-05
1.315615553400790301e-05
1.314253483714690009e-05
1.312894225873093053e-05
1.311537771186589295e-05
1.310184111000842873e-05
1.308833236697936448e-05
1.307485139694615130e-05
1.306139811443182983e-05
1.304797243430840470e-05
1.303457427179794575e-05
1.302120354247243716e-05
1.300786016224052487e-05
1.299454404736062180e-05
1.298125511442567147e-05
1.296799328037726122e-05
1.295475846248606935e-05
1.294155057836549385e-05
1.292836954596360556e-05
1.291521528355413413e-05
1.290208770974758438e-05
1.288898674348140911e-05
1.287591230402341918e-05
1.286286431096032322e-05
1.284984268421306058e-05
1.283684734402448716e-05
1.282387821095739170e-05
1.281093520588715705e-05
1.279801825001115546e-05
