2.574925003726392103e-01
1.555781041990832202e-04
6.854523086074839375e-05
4.329454716037737968e-05
3.141305755749378387e-05
2.455748191787615508e-05
2.011401016967534104e-05
1.700766446402838034e-05
1.471741968038043398e-05
1.296089525049098455e-05
1.157207270946459897e-05
1.044709255732771313e-05
9.517717936904034241e-06
8.737301275151591626e-06
8.072889914643998171e-06
7.500554308619079100e-06
7.002503641366070120e-06
6.565239786257833820e-06
6.178338694947709339e-06
5.833624038097732030e-06
5.524593453326021584e-06
5.246011773409508748e-06
4.993617219234921862e-06
4.763905612808443672e-06
4.553969487000723260e-06
4.361376476649939475e-06
4.184076249896826647e-06
4.020328466584661947e-06
3.868646427344327858e-06
3.727752569502282398e-06
3.596543005002368130e-06
3.474059029106502792e-06
3.359464053288459319e-06
3.252024795635049614e-06
3.151095840085681979e-06
3.056106881560584327e-06
2.966552127723214291e-06
2.881981443945907761e-06
2.801992916169373293e-06
2.726226573889457847e-06
2.654359067648036331e-06
2.586099136015745011e-06
2.521183728863829132e-06
2.459374678753813538e-06
2.400455832202750052e-06
2.344230568417939890e-06
2.290519645850045349e-06
2.239159327145563500e-06
2.189999741452430376e-06
2.142903449762360115e-06
2.097744184546478579e-06
2.054405739494531649e-06
2.012780988916886152e-06
1.972771019506849262e-06
1.934284359721159156e-06
1.897236294238204475e-06
1.861548252724978890e-06
1.827147263706659971e-06
1.793965465586240691e-06
1.761939667966721055e-06
1.731010957344474606e-06
1.701124342029910325e-06
1.672228431821216401e-06
1.644275148526730753e-06
1.617219463933175493e-06
1.591019162231220029e-06
1.565634624273906225e-06
1.541028631371141183e-06
1.517166186587046144e-06
1.494014351746696259e-06
1.471542098559959552e-06
1.449720172469387095e-06
1.428520967962213014e-06
1.407918414242354749e-06
1.387887870267991402e-06
1.368406028278149897e-06
1.349450825017333661e-06
1.331001359946325326e-06
1.313037819814216389e-06
1.295541409016803541e-06
1.278494285232743307e-06
1.261879499878697160e-06
1.245680942964549978e-06
1.229883291975358994e-06
1.214471964447551165e-06
1.199433073917255914e-06
1.184753388982525157e-06
1.170420295214532355e-06
1.156421759687847190e-06
1.142746297932751834e-06
1.129382943110740029e-06
1.116321217239505131e-06
1.103551104317682870e-06
1.091063025198771996e-06
1.078847814085657862e-06
1.066896696523203553e-06
1.055201268780369144e-06
1.043753478524037979e-06
1.032545606678524332e-06
1.021570250409097606e-06
1.010820307121553248e-06
1.000288959433116376e-06
9.899696610310369856e-07
9.798561233624539800e-07
9.699423031021592192e-07
9.602223903425145465e-07
